REAC:R-HSA-8853659	4.127154797436892e-06
GO:0060993	3.530825528353491e-05
GO:0072001	6.396243374651095e-05
GO:0001822	6.396243374651095e-05
WP:WP5053	0.0365958536710796
